0 0.184103 0.662363 0.008945 0.011727
0 0.184550 0.708977 0.008645 0.009540
0 0.250594 0.703013 0.012523 0.012720
0 0.261551 0.720803 0.010287 0.010933
0 0.252010 0.733625 0.009095 0.009543
0 0.227039 0.740583 0.010137 0.010733
0 0.174638 0.740877 0.012675 0.013313
0 0.222418 0.749030 0.014015 0.011333
0 0.410395 0.877957 0.012375 0.011927
0 0.419489 0.903398 0.014757 0.017890
0 0.372021 0.678465 0.008798 0.010537
0 0.361212 0.664848 0.007750 0.007157
0 0.369188 0.649245 0.009690 0.007750
0 0.365461 0.637915 0.007007 0.005763
0 0.379922 0.634237 0.007305 0.006360
0 0.383203 0.638908 0.009690 0.008150
0 0.397216 0.630857 0.003428 0.004373
0 0.347795 0.611478 0.007455 0.008150
0 0.285627 0.670712 0.007455 0.010537
0 0.271837 0.685025 0.007605 0.010137
0 0.369174 0.850028 0.008647 0.012523
0 0.405697 0.830845 0.008945 0.014710
0 0.447144 0.875968 0.013418 0.010337
0 0.416359 0.861458 0.009392 0.011130
0 0.157939 0.671408 0.011478 0.012323
