0 0.466911 0.602195 0.007903 0.006957
0 0.447755 0.610343 0.007155 0.010533
0 0.435009 0.613027 0.007007 0.006360
0 0.437051 0.497122 0.005678 0.006423
0 0.338979 0.460262 0.004457 0.005443
0 0.798215 0.291227 0.004040 0.003560
0 0.797159 0.294417 0.003417 0.004140
0 0.786284 0.291723 0.004163 0.005220
0 0.783520 0.297523 0.004100 0.004887
0 0.430711 0.843968 0.010692 0.011497
0 0.426399 0.862712 0.015868 0.013110
0 0.384741 0.830055 0.012248 0.010810
0 0.348087 0.861907 0.013800 0.011040
0 0.422346 0.814645 0.013283 0.014490
0 0.336530 0.855122 0.013800 0.009430
0 0.327560 0.876512 0.011040 0.012190
0 0.332994 0.889622 0.008108 0.011270
0 0.334374 0.910897 0.004657 0.012420
0 0.244592 0.715288 0.010695 0.009890
0 0.270724 0.709193 0.011903 0.010580
0 0.279607 0.712183 0.006210 0.008740
0 0.295046 0.708848 0.009832 0.010350
0 0.279952 0.698268 0.008280 0.014030
0 0.462536 0.860987 0.013627 0.014260
0 0.288577 0.717473 0.009315 0.008740
0 0.192586 0.710228 0.009143 0.012190
0 0.178096 0.644337 0.008798 0.009660
0 0.378714 0.645910 0.007893 0.009880
0 0.386606 0.629997 0.008663 0.007060
0 0.384729 0.619025 0.007798 0.007957
0 0.367261 0.592652 0.008277 0.007057
