0 0.458000 0.305750 0.041600 0.031200
0 0.171000 0.671375 0.025133 0.018850
0 0.511333 0.401750 0.024267 0.018200
0 0.291167 0.626000 0.037267 0.027950
0 0.268167 0.699500 0.039000 0.029250
0 0.420333 0.319375 0.040733 0.030550
0 0.395500 0.510125 0.052867 0.039650
0 0.431500 0.727250 0.047667 0.035750
0 0.448833 0.329000 0.047667 0.035750
0 0.286000 0.558875 0.046800 0.035100
0 0.740500 0.556125 0.045933 0.034450
0 0.377333 0.457875 0.045933 0.034450
0 0.522667 0.319375 0.044200 0.033150
0 0.405667 0.798750 0.043333 0.032500
0 0.544333 0.473375 0.043333 0.032500
0 0.586500 0.289750 0.042467 0.031850
0 0.241000 0.636750 0.027733 0.020800
0 0.536333 0.559625 0.040733 0.030550
