0 0.412017 0.506045 0.031280 0.022080
0 0.552085 0.518996 0.019203 0.022273
0 0.556242 0.552997 0.027517 0.021975
0 0.530407 0.553591 0.025340 0.021677
0 0.504967 0.569628 0.021973 0.015740
0 0.489623 0.551439 0.023360 0.018263
0 0.448293 0.605307 0.037820 0.024090
0 0.247497 0.515705 0.020547 0.016560
0 0.418150 0.446248 0.020240 0.019780
0 0.426430 0.426352 0.021467 0.018170
0 0.324160 0.464186 0.021773 0.021618
0 0.341640 0.481436 0.020547 0.018858
0 0.335047 0.505240 0.031893 0.021850
0 0.505667 0.614500 0.019067 0.014300
0 0.515500 0.781125 0.019933 0.014950
0 0.479130 0.534660 0.031280 0.020640
0 0.538920 0.523970 0.020987 0.017670
0 0.419530 0.539164 0.029747 0.023458
0 0.375832 0.512945 0.028823 0.021620