0 0.402128 0.478850 0.028030 0.018360
0 0.240120 0.053221 0.013960 0.010477
0 0.204737 0.078476 0.022447 0.015978
0 0.851317 0.687244 0.034820 0.022678
0 0.689152 0.474060 0.025937 0.029005
0 0.664510 0.479914 0.022707 0.021023
0 0.727310 0.555622 0.025547 0.027675
0 0.683315 0.574116 0.031223 0.026877
0 0.631513 0.525685 0.020580 0.022620
0 0.645333 0.510916 0.025580 0.018098
0 0.619095 0.501336 0.020577 0.023947
0 0.607387 0.461554 0.022000 0.026343
0 0.636000 0.497500 0.022533 0.016900
0 0.591242 0.475391 0.024483 0.018363
0 0.548665 0.543249 0.030157 0.026878
0 0.371617 0.458360 0.036547 0.022620
0 0.394147 0.546441 0.021287 0.022087
0 0.390777 0.530874 0.025193 0.014903
0 0.490477 0.524221 0.030160 0.021823
0 0.478235 0.547372 0.023417 0.020225
0 0.452868 0.557884 0.028030 0.026877
0 0.309525 0.636385 0.025190 0.018895
0 0.308992 0.652618 0.024837 0.018360
0 0.351215 0.688142 0.036190 0.026610
