0 0.683039 0.569258 0.005968 0.009110
0 0.676303 0.538073 0.005005 0.007827
0 0.690931 0.541538 0.009817 0.009883
0 0.698633 0.544170 0.010010 0.011293
0 0.530753 0.545270 0.004990 0.009427
0 0.530975 0.512728 0.006680 0.007870
0 0.522678 0.500328 0.005680 0.006830
0 0.544055 0.517330 0.005890 0.010247
0 0.555919 0.532995 0.005567 0.007130
0 0.561431 0.503522 0.005457 0.009650
0 0.487694 0.387218 0.003877 0.005763
0 0.375012 0.469593 0.005240 0.006987
0 0.372933 0.454398 0.003910 0.006103
0 0.384913 0.424728 0.004575 0.007097
0 0.652719 0.208750 0.005283 0.006047
0 0.668224 0.222668 0.006463 0.006710
0 0.782445 0.377352 0.006930 0.007443
0 0.781578 0.388388 0.006930 0.008983
0 0.787737 0.400388 0.006350 0.006803
0 0.758238 0.400388 0.007410 0.006290
0 0.919476 0.328202 0.007472 0.006183
0 0.444664 0.362063 0.007988 0.006320
0 0.454521 0.301282 0.005408 0.004990
0 0.458430 0.304610 0.003410 0.006100
0 0.457931 0.313150 0.004243 0.004993
0 0.473945 0.301503 0.004490 0.007653
0 0.492370 0.275328 0.004410 0.006323
0 0.496820 0.275772 0.004990 0.004990
0 0.514206 0.265845 0.003827 0.006877
0 0.535667 0.259523 0.005990 0.004433
0 0.607980 0.309868 0.005035 0.006297
0 0.595710 0.316495 0.003980 0.006463
0 0.627211 0.259910 0.004597 0.005800
0 0.638055 0.228053 0.003540 0.005880
0 0.453356 0.368495 0.005243 0.006543
0 0.665955 0.568297 0.006450 0.007700
0 0.648726 0.563162 0.008758 0.007443
0 0.647139 0.569258 0.005197 0.007057
0 0.644156 0.577920 0.009047 0.009493
0 0.635734 0.586840 0.006063 0.009880
0 0.680825 0.538972 0.006545 0.008343
0 0.288975 0.653355 0.008130 0.010690
0 0.296101 0.599900 0.007238 0.008613
0 0.298607 0.594185 0.005345 0.007277
0 0.308630 0.573248 0.006680 0.006683
0 0.307294 0.560330 0.006238 0.007273
0 0.359856 0.571467 0.007798 0.006680
0 0.295266 0.540730 0.008017 0.006980
0 0.643819 0.617188 0.007798 0.010010
0 0.654503 0.607052 0.012415 0.012063
0 0.679671 0.599800 0.007507 0.010907
0 0.700989 0.601533 0.011067 0.012320
0 0.676831 0.586133 0.007218 0.014113
0 0.663356 0.557645 0.006258 0.007957
0 0.663934 0.562713 0.006832 0.008087
