0 0.590397 0.445810 0.016253 0.011730
0 0.570310 0.422123 0.011647 0.010350
0 0.611863 0.406482 0.018093 0.008050
0 0.661587 0.338819 0.012320 0.009368
0 0.673822 0.339396 0.012490 0.007188
0 0.675447 0.322071 0.013687 0.008728
0 0.664752 0.315078 0.015230 0.010910
0 0.717102 0.333685 0.016923 0.009880
0 0.706417 0.356015 0.007527 0.007060
0 0.737130 0.350946 0.008727 0.007958
0 0.791628 0.334070 0.021217 0.010395
0 0.801295 0.294289 0.015570 0.008597
0 0.811133 0.300255 0.014373 0.010010
0 0.877933 0.292307 0.012273 0.007720
0 0.949107 0.299360 0.016827 0.008760
0 0.847148 0.336185 0.012470 0.007275
0 0.883178 0.336852 0.010097 0.006830
0 0.836100 0.513235 0.016233 0.012325
0 0.667307 0.507176 0.017420 0.010543
0 0.629988 0.503910 0.012470 0.008760
0 0.637510 0.548529 0.013660 0.009798
0 0.650677 0.554987 0.017027 0.009355
0 0.332195 0.482609 0.016250 0.008048
0 0.349980 0.491579 0.015027 0.014947
0 0.292790 0.530218 0.011040 0.006670
0 0.283590 0.560575 0.013493 0.009890
0 0.020482 0.623822 0.018397 0.013110
0 0.018642 0.686610 0.015330 0.009890
0 0.026460 0.668905 0.017480 0.011740
0 0.142530 0.733297 0.017173 0.009890
0 0.644785 0.763267 0.012723 0.011330
0 0.656845 0.796263 0.018817 0.011330
0 0.728668 0.803419 0.011397 0.006163
0 0.704153 0.806202 0.009540 0.011330
0 0.708790 0.862059 0.010867 0.015308
0 0.753715 0.815943 0.015903 0.011330
0 0.686925 0.822404 0.014310 0.018288
0 0.625173 0.856791 0.028093 0.013118
