0 0.429759 0.399343 0.010688 0.013893
0 0.432163 0.438673 0.009350 0.013893
0 0.385406 0.440632 0.008817 0.013537
0 0.405445 0.464322 0.010420 0.016030
0 0.426820 0.499412 0.010955 0.016390
0 0.371513 0.618217 0.010420 0.013893
0 0.347466 0.613410 0.017903 0.017100
0 0.368841 0.663462 0.018437 0.021730
0 0.469301 0.637277 0.012558 0.012827
0 0.517260 0.694098 0.012825 0.017457
0 0.432296 0.411990 0.008817 0.014960
0 0.602803 0.602160 0.011175 0.018627
0 0.576059 0.548142 0.011577 0.021290
0 0.912749 0.985460 0.019158 0.026080
0 0.889597 0.955922 0.011575 0.017563
0 0.903634 0.402015 0.007852 0.012317
0 0.918875 0.350752 0.004620 0.008930
0 0.912986 0.361990 0.004847 0.012933
0 0.894744 0.372303 0.006232 0.010160
0 0.732869 0.287017 0.012237 0.015087
0 0.738180 0.318423 0.010390 0.014473
0 0.779746 0.363528 0.008543 0.014163
0 0.680566 0.356448 0.010623 0.012317
0 0.740259 0.381695 0.012702 0.012930
0 0.525389 0.463440 0.009697 0.014473
0 0.541438 0.434652 0.012240 0.016010
0 0.481860 0.357678 0.012700 0.016010
0 0.462809 0.348597 0.010623 0.015700
