0 0.834577 0.423372 0.012073 0.009205
0 0.620833 0.833375 0.016467 0.012350
0 0.689500 0.832375 0.019933 0.014950
0 0.227777 0.879313 0.017740 0.014370
0 0.211102 0.814650 0.011357 0.009580
0 0.254033 0.817178 0.013480 0.011975
0 0.301932 0.836336 0.016323 0.012508
0 0.304770 0.774335 0.022707 0.015700
0 0.179347 0.793760 0.018807 0.015170
0 0.016285 0.563926 0.019010 0.011337
0 0.170650 0.491034 0.019700 0.010308
0 0.116042 0.262816 0.012370 0.007042
0 0.050072 0.282315 0.011910 0.009275
0 0.057745 0.332737 0.011683 0.012540
0 0.358392 0.344171 0.027030 0.011012
0 0.324377 0.358765 0.015807 0.009965
0 0.388743 0.237820 0.018093 0.007215
0 0.328498 0.183960 0.009850 0.007730
0 0.383818 0.176315 0.008703 0.008590
0 0.404433 0.171075 0.009620 0.008075
0 0.366638 0.184304 0.014203 0.009107
0 0.394700 0.191090 0.007100 0.006530
0 0.480483 0.155270 0.011913 0.011510
0 0.436045 0.132765 0.016037 0.010480
0 0.382102 0.137231 0.013057 0.006013
0 0.328042 0.156044 0.010763 0.006873
0 0.535345 0.131219 0.012143 0.006358
0 0.703597 0.154854 0.011660 0.008547
0 0.750243 0.156244 0.016433 0.007752
0 0.792835 0.223245 0.016830 0.008620
0 0.832003 0.406075 0.014847 0.010540
0 0.854373 0.445274 0.011287 0.012918
0 0.785280 0.454406 0.020393 0.008908
0 0.680407 0.769411 0.015967 0.012507
0 0.702937 0.764888 0.011353 0.009315
0 0.658762 0.762360 0.018803 0.008515
0 0.640845 0.763690 0.015610 0.009050
0 0.653440 0.771408 0.013840 0.011175
0 0.620620 0.813319 0.022707 0.018362
0 0.580348 0.845251 0.021643 0.014102
0 0.553207 0.866806 0.010647 0.008783
0 0.570948 0.867737 0.013483 0.007985
0 0.556045 0.891820 0.013483 0.013570
0 0.612992 0.920160 0.019517 0.012240
0 0.593832 0.948634 0.015257 0.015433
0 0.628782 0.973381 0.012063 0.012243
0 0.736818 0.876119 0.015257 0.011442
0 0.666352 0.863261 0.019297 0.014163
0 0.680720 0.881428 0.014367 0.006775
0 0.629610 0.876040 0.021347 0.012625
0 0.258222 0.794351 0.010650 0.008542
0 0.280813 0.778791 0.009807 0.007352
0 0.012647 0.613972 0.008213 0.010780
0 0.029585 0.615576 0.014717 0.009113
