0 0.531667 0.446750 0.058933 0.044200
0 0.963000 0.350625 0.058067 0.043550
0 0.876667 0.459250 0.057200 0.042900
0 0.235667 0.279000 0.057200 0.042900
0 0.312333 0.328375 0.055467 0.041600
0 0.077667 0.720375 0.055467 0.041600
0 0.824500 0.295375 0.052867 0.039650
0 0.495667 0.505750 0.052000 0.039000
0 0.782000 0.327250 0.052000 0.039000
0 0.282167 0.495125 0.051133 0.038350
0 0.342667 0.564625 0.047667 0.035750
0 0.075000 0.751250 0.043333 0.032500
0 0.288167 0.463000 0.066733 0.050050
0 0.895000 0.383125 0.065867 0.049400
0 0.847833 0.396750 0.064133 0.048100
0 0.173000 0.847500 0.064133 0.048100
0 0.436500 0.530250 0.062400 0.046800
0 0.680333 0.495625 0.062400 0.046800
0 0.905333 0.423875 0.059800 0.044850
