0 0.802333 0.409125 0.060667 0.045500
0 0.288333 0.295125 0.057200 0.042900
0 0.687167 0.432750 0.056333 0.042250
0 0.395667 0.335125 0.056333 0.042250
0 0.768333 0.449375 0.053733 0.040300
0 0.696000 0.487625 0.050267 0.037700
0 0.834167 0.449375 0.049400 0.037050
0 0.494833 0.398625 0.049400 0.037050
0 0.476667 0.326125 0.043333 0.032500
0 0.310167 0.260500 0.041600 0.031200
0 0.813167 0.375750 0.038133 0.028600
0 0.557333 0.560125 0.064133 0.048100
0 0.714500 0.596000 0.063267 0.047450
0 0.664833 0.388500 0.062400 0.046800
0 0.874000 0.455125 0.061533 0.046150
0 0.293500 0.207500 0.059800 0.044850
