0 0.277340 0.536311 0.026687 0.013548
0 0.414865 0.605895 0.026683 0.012930
0 0.496765 0.616055 0.028737 0.011700
0 0.611505 0.614824 0.021757 0.012317
0 0.684580 0.416540 0.018473 0.008620
0 0.627722 0.426393 0.019703 0.007390
0 0.545618 0.451795 0.018063 0.009545
0 0.512775 0.460108 0.021350 0.013855
0 0.393108 0.455644 0.015190 0.009238
0 0.373813 0.454104 0.017653 0.008623
0 0.388182 0.470730 0.024223 0.010470
0 0.367038 0.622521 0.027917 0.010467
0 0.719500 0.615000 0.019067 0.014300
0 0.362500 0.084750 0.021667 0.016250
0 0.591595 0.613592 0.017243 0.011085
0 0.285550 0.883706 0.019293 0.011082
0 0.300123 0.864618 0.020527 0.011700
0 0.351233 0.839677 0.022580 0.008620
0 0.715410 0.632681 0.024633 0.018783
0 0.799567 0.621905 0.020527 0.013855
0 0.714588 0.501980 0.025450 0.015395
0 0.679078 0.539852 0.020937 0.011700
0 0.695910 0.549242 0.029967 0.012625
0 0.696483 0.412230 0.017653 0.008620
