0 0.691375 0.825000 0.089700 0.119600
0 0.784875 0.539333 0.103350 0.137800
0 0.610250 0.596333 0.074100 0.098800
0 0.629663 0.371435 0.091415 0.123363
0 0.531601 0.413542 0.092522 0.093817
0 0.467334 0.578642 0.058173 0.070917
0 0.739250 0.835833 0.019500 0.026000
0 0.942375 0.056667 0.032500 0.043333
0 0.780625 0.114167 0.048750 0.065000
0 0.767875 0.076500 0.055250 0.073667
0 0.848625 0.497500 0.063050 0.084067
0 0.724625 0.615333 0.067600 0.090133
0 0.357625 0.526833 0.069550 0.092733
0 0.670750 0.491333 0.074100 0.098800
0 0.611935 0.474115 0.057065 0.070177
