0 0.273167 0.640625 0.026867 0.020150
0 0.769500 0.737625 0.033800 0.025350
0 0.373833 0.553125 0.030333 0.022750
0 0.698667 0.486875 0.029467 0.022100
0 0.981000 0.346000 0.029467 0.022100
0 0.821167 0.343375 0.028600 0.021450
0 0.330833 0.635250 0.028600 0.021450
0 0.349667 0.345125 0.027733 0.020800
0 0.650000 0.642750 0.027733 0.020800
0 0.866333 0.630000 0.027733 0.020800
0 0.411000 0.614250 0.026000 0.019500
0 0.298167 0.451000 0.024267 0.018200
0 0.918833 0.523625 0.016467 0.012350
0 0.780430 0.378515 0.016560 0.013340
