0 0.830875 0.422667 0.012350 0.016467
0 0.884385 0.487852 0.016305 0.027463
0 0.481250 0.403833 0.012350 0.016467
0 0.527000 0.882167 0.020150 0.026867
0 0.465500 0.790000 0.018200 0.024267
0 0.620875 0.686667 0.018200 0.024267
0 0.651500 0.768833 0.017550 0.023400
0 0.394125 0.540833 0.016250 0.021667
0 0.320750 0.809667 0.015600 0.020800
0 0.298000 0.731833 0.015600 0.020800
0 0.580125 0.528167 0.014950 0.019933
0 0.833625 0.501333 0.014950 0.019933
0 0.762625 0.457667 0.014950 0.019933
0 0.825000 0.386500 0.013650 0.018200
0 0.507625 0.418833 0.013650 0.018200
0 0.418375 0.589000 0.013650 0.018200
0 0.433875 0.509667 0.013650 0.018200
0 0.436375 0.462667 0.013650 0.018200