0 0.369847 0.185891 0.014253 0.009653
0 0.382695 0.357447 0.017223 0.011880
0 0.371015 0.373260 0.016430 0.014700
0 0.375865 0.390188 0.016630 0.011435
0 0.470498 0.391450 0.017817 0.016035
0 0.439713 0.381798 0.018013 0.015145
0 0.514845 0.365985 0.018610 0.011435
0 0.530277 0.363089 0.015460 0.013362
0 0.519497 0.375339 0.009700 0.012028
0 0.529198 0.373929 0.016037 0.008907
0 0.530485 0.397686 0.009503 0.014552
0 0.538998 0.400877 0.017023 0.015590
0 0.575525 0.399839 0.016830 0.011732
0 0.558005 0.372369 0.012670 0.013512
0 0.568892 0.366283 0.015443 0.009355
0 0.539492 0.379943 0.014057 0.014700
0 0.472795 0.107566 0.019003 0.012472
0 0.766355 0.644545 0.021157 0.015410
0 0.820173 0.656045 0.025760 0.020930
0 0.425755 0.393305 0.017423 0.015590
0 0.400812 0.384844 0.021777 0.015587
0 0.324788 0.465543 0.017423 0.013365
0 0.316672 0.456559 0.021383 0.016777
0 0.398632 0.362421 0.018610 0.012322
