1 0.266453 0.158902 0.245375 0.176023
1 0.288516 0.250872 0.158203 0.092958
1 0.461250 0.406131 0.167891 0.168112
1 0.888289 0.460029 0.223422 0.283819
1 0.818016 0.710219 0.351922 0.303597
1 0.568332 0.126267 0.231383 0.152290
1 0.055199 0.402175 0.110398 0.170093
1 0.232012 0.537653 0.146367 0.096913
1 0.071883 0.681543 0.143766 0.107796
1 0.192141 0.733460 0.133563 0.102843
1 0.130848 0.809609 0.146367 0.124602
1 0.117934 0.945348 0.131305 0.109304
1 0.354164 0.937437 0.242156 0.125126
1 0.517750 0.900093 0.179734 0.131529
1 0.464477 0.724067 0.176500 0.103841
1 0.428961 0.807136 0.150672 0.097904