1 0.277430 0.427965 0.061547 0.049200
1 0.368992 0.403365 0.088141 0.107553
1 0.438516 0.321041 0.085859 0.080200
1 0.519816 0.263200 0.063070 0.051482
1 0.595422 0.306106 0.136766 0.096118
1 0.642910 0.407371 0.081305 0.106412
1 0.568066 0.397647 0.063820 0.073224
1 0.571105 0.490900 0.068383 0.097259
1 0.495504 0.518935 0.043305 0.057212
1 0.446875 0.455994 0.052422 0.057212
1 0.383809 0.459435 0.050914 0.045765
1 0.345020 0.519500 0.052508 0.062929
1 0.502340 0.616188 0.052430 0.066353
1 0.451434 0.620765 0.043305 0.070941