1 0.321844 0.191214 0.071156 0.086961
1 0.435156 0.176913 0.080375 0.074369
1 0.524098 0.215251 0.083008 0.084668
1 0.423629 0.064213 0.121883 0.105278
1 0.743812 0.325665 0.084984 0.106418
1 0.871949 0.223256 0.094867 0.132727
1 0.917742 0.357707 0.059953 0.097259
1 0.933551 0.453243 0.110023 0.121275
1 0.672988 0.583684 0.102773 0.082374
1 0.806070 0.559084 0.106734 0.136160
1 0.049910 0.423494 0.099820 0.100692
1 0.195023 0.417205 0.069172 0.097259
1 0.451961 0.374294 0.088937 0.125875
1 0.378172 0.472123 0.083672 0.106418
1 0.567250 0.473840 0.057313 0.091533
1 0.644004 0.416058 0.105414 0.113284
1 0.547484 0.290197 0.099484 0.081235
1 0.641367 0.319946 0.131766 0.131588