1 0.266242 0.529035 0.056937 0.055647
1 0.281277 0.430971 0.057992 0.047471
1 0.347848 0.511471 0.033398 0.032729
1 0.561742 0.483118 0.055016 0.050706
1 0.648648 0.414288 0.058031 0.049047
1 0.631117 0.379665 0.050937 0.047400
1 0.638371 0.315153 0.062164 0.049459
1 0.572012 0.332876 0.056383 0.036271
1 0.496312 0.361735 0.062156 0.036271
1 0.483039 0.396559 0.047109 0.041635
1 0.436656 0.334524 0.068703 0.060176
1 0.519309 0.261365 0.050664 0.042447
1 0.538617 0.277029 0.045984 0.043282
1 0.352340 0.428088 0.065445 0.057706
1 0.387363 0.383576 0.049539 0.055224
1 0.398203 0.423353 0.044344 0.054824
1 0.443078 0.459835 0.066266 0.066776
1 0.494547 0.516712 0.045437 0.051118
1 0.480043 0.559988 0.037773 0.041224
1 0.504660 0.616047 0.052523 0.065129
1 0.550371 0.579153 0.039992 0.035035
1 0.454172 0.617282 0.039141 0.046165
1 0.407902 0.623053 0.050117 0.058529
1 0.362602 0.564935 0.040484 0.059353
1 0.410777 0.561018 0.032273 0.049871