1 0.323496 0.201479 0.071742 0.069227
1 0.443070 0.179227 0.082000 0.074166
1 0.519937 0.215326 0.078578 0.073175
1 0.740582 0.331520 0.080289 0.095929
1 0.877809 0.237076 0.080289 0.124600
1 0.935316 0.450685 0.113305 0.120638
1 0.819727 0.542157 0.084844 0.089986
1 0.179441 0.411133 0.072883 0.057354
1 0.041035 0.425963 0.082070 0.071194
1 0.450758 0.371079 0.108750 0.088019
1 0.384992 0.475902 0.091109 0.103826
1 0.433961 0.059573 0.120719 0.082076
1 0.547559 0.291465 0.096227 0.065265
1 0.648910 0.291472 0.119008 0.090977
1 0.648910 0.397286 0.096227 0.071208
1 0.689051 0.588636 0.099070 0.101859
1 0.571754 0.463046 0.061492 0.066255