0 0.593167 0.437500 0.030333 0.022750
0 0.564500 0.419875 0.035533 0.026650
0 0.692500 0.491750 0.032933 0.024700
0 0.658000 0.439000 0.032933 0.024700
0 0.319000 0.459000 0.031200 0.023400
0 0.400167 0.459750 0.030333 0.022750
0 0.468500 0.473625 0.028600 0.021450
0 0.309500 0.423375 0.028600 0.021450
0 0.615167 0.491625 0.026867 0.020150
0 0.253833 0.432250 0.026867 0.020150
0 0.596000 0.421375 0.023400 0.017550
0 0.127667 0.616125 0.022533 0.016900
0 0.369000 0.478250 0.020800 0.015600
0 0.284000 0.414375 0.019067 0.014300
0 0.269667 0.075625 0.017333 0.013000
1 0.564375 0.427000 0.161750 0.188667
1 0.706250 0.774500 0.185000 0.161667
1 0.122000 0.477500 0.239000 0.183000
