0 0.657500 0.192125 0.141267 0.105950
0 0.449667 0.247250 0.076267 0.057200
0 0.029450 0.484250 0.058900 0.074100
0 0.347000 0.059500 0.078000 0.058500
0 0.395500 0.363625 0.089267 0.066950
0 0.759667 0.626000 0.095333 0.071500
0 0.565500 0.196625 0.096200 0.072150
0 0.291167 0.086625 0.103133 0.077350
0 0.535667 0.777625 0.104000 0.078000
0 0.415500 0.418875 0.108333 0.081250
0 0.283500 0.355000 0.125667 0.094250
1 0.902875 0.833667 0.139750 0.165333
1 0.871250 0.664000 0.160500 0.224667
1 0.671625 0.743000 0.232250 0.224667
