0 0.568333 0.477000 0.027733 0.020800
0 0.610333 0.216750 0.156000 0.117000
0 0.707000 0.867250 0.140400 0.105300
0 0.301000 0.490375 0.126533 0.094900
0 0.058533 0.655000 0.117067 0.100100
0 0.426833 0.249750 0.123933 0.092950
0 0.516500 0.232500 0.116133 0.087100
0 0.461000 0.525250 0.116133 0.087100
0 0.183500 0.153125 0.103133 0.077350
0 0.236833 0.125375 0.101400 0.076050
0 0.873000 0.653375 0.091000 0.068250
0 0.401282 0.426060 0.081750 0.074170
1 0.331000 0.369833 0.154500 0.126333
1 0.309625 0.863667 0.148250 0.120667
1 0.105875 0.348667 0.091250 0.072667
