0 0.431333 0.475000 0.029467 0.022100
0 0.930197 0.554015 0.022807 0.028695
0 0.761715 0.465728 0.016923 0.026485
0 0.747368 0.505732 0.026483 0.033660
0 0.691085 0.568361 0.030163 0.036418
0 0.499833 0.619000 0.020800 0.015600
0 0.697833 0.414125 0.023400 0.017550
0 0.358333 0.684625 0.025133 0.018850
0 0.589000 0.542250 0.026000 0.019500
0 0.662833 0.424625 0.026867 0.020150
0 0.586000 0.587000 0.027733 0.020800
0 0.786167 0.445250 0.028600 0.021450
0 0.816500 0.513875 0.028600 0.021450
0 0.458167 0.593875 0.028600 0.021450
0 0.368667 0.440000 0.029467 0.022100
0 0.458500 0.790875 0.033800 0.025350
0 0.589833 0.640250 0.036400 0.027300
0 0.478167 0.606875 0.037267 0.027950
1 0.364500 0.848833 0.240000 0.136333
1 0.109625 0.477667 0.130250 0.086667
