0 0.609717 0.414670 0.018093 0.015870
0 0.573683 0.396040 0.019013 0.014490
0 0.562185 0.407655 0.018090 0.014260
0 0.554825 0.419040 0.014410 0.014950
0 0.361633 0.415015 0.023000 0.018400
0 0.403185 0.387416 0.015943 0.013337
0 0.385860 0.370512 0.025453 0.015870
0 0.420508 0.062279 0.014650 0.010098
0 0.454857 0.428700 0.019933 0.015870
0 0.434923 0.442959 0.019320 0.020007
0 0.403952 0.440889 0.022383 0.015868
0 0.384173 0.459403 0.018400 0.013800
0 0.291563 0.508850 0.015333 0.013800
0 0.284510 0.517475 0.012267 0.009430
0 0.297850 0.540935 0.029133 0.017250
0 0.492880 0.446524 0.022387 0.023457
0 0.384478 0.075716 0.017817 0.012028
0 0.940962 0.847131 0.023590 0.017493
0 0.863438 0.827949 0.022263 0.012523
0 0.726620 0.614173 0.020193 0.017520
0 0.743647 0.581878 0.014253 0.012620
0 0.630262 0.471489 0.021157 0.016813
0 0.583497 0.479183 0.023920 0.018400
0 0.573990 0.449742 0.020853 0.017940
0 0.589477 0.425135 0.014413 0.020700
0 0.575677 0.426975 0.020547 0.017480
1 0.319125 0.519833 0.201750 0.349000
1 0.126625 0.393833 0.112750 0.121000
1 0.577875 0.505833 0.043250 0.185667
