0 0.191333 0.778000 0.022533 0.016900
0 0.768155 0.778376 0.056183 0.034477
0 0.711122 0.606634 0.059590 0.029367
0 0.666003 0.583969 0.040860 0.019793
0 0.757090 0.484371 0.030647 0.023623
0 0.465958 0.632491 0.042563 0.026178
0 0.551510 0.570243 0.043413 0.030645
0 0.388918 0.429465 0.041710 0.026175
0 0.354443 0.405204 0.040860 0.017238
0 0.537465 0.287730 0.042563 0.024900
0 0.711972 0.250700 0.039157 0.018515
0 0.231435 0.379029 0.048523 0.026178
0 0.213985 0.710381 0.059590 0.023622
0 0.971607 0.795615 0.054480 0.034475
0 0.487500 0.780625 0.042467 0.031850
0 0.440000 0.778000 0.041600 0.031200
0 0.680000 0.262625 0.031200 0.023400
0 0.317667 0.356625 0.031200 0.023400
0 0.514667 0.426625 0.029467 0.022100
0 0.760333 0.816000 0.024267 0.018200
0 0.375500 0.137000 0.023400 0.017550
1 0.687625 0.595667 0.236250 0.188000
1 0.550000 0.856000 0.221500 0.180667
