0 0.307753 0.640030 0.028500 0.019595
0 0.610333 0.454125 0.027733 0.020800
0 0.575333 0.456500 0.022533 0.016900
0 0.335333 0.520000 0.020800 0.015600
0 0.396333 0.551500 0.020800 0.015600
0 0.488167 0.523000 0.019067 0.014300
0 0.432167 0.497625 0.018200 0.013650
0 0.274505 0.584100 0.017097 0.011755
0 0.541448 0.427354 0.016150 0.021017
0 0.747832 0.600309 0.014723 0.010688
0 0.277353 0.569494 0.017100 0.010332
0 0.367365 0.536720 0.026123 0.018880
0 0.421275 0.522826 0.021850 0.020308
0 0.645947 0.541172 0.019000 0.017100
0 0.573510 0.500561 0.022327 0.021373
0 0.608590 0.573442 0.018200 0.013650
0 0.522500 0.432875 0.018200 0.013650
0 0.323428 0.410254 0.035150 0.018167
0 0.351667 0.440250 0.017333 0.013000
1 0.198750 0.135333 0.224000 0.127333
1 0.748625 0.182333 0.117250 0.142000
