0 0.495942 0.424044 0.009910 0.005188
0 0.291033 0.314817 0.005740 0.005345
0 0.277868 0.321054 0.003563 0.004752
0 0.283312 0.331670 0.005743 0.004010
0 0.266583 0.325211 0.007920 0.005643
0 0.149678 0.358844 0.007323 0.004602
0 0.477637 0.416196 0.006860 0.005183
0 0.471905 0.415385 0.005617 0.004455
0 0.479003 0.423347 0.009840 0.006045
0 0.637960 0.534315 0.011680 0.006435
0 0.663025 0.538475 0.006803 0.006100
0 0.465045 0.417974 0.005710 0.005288
0 0.531565 0.420915 0.007557 0.003745
0 0.530280 0.415378 0.008987 0.005830
0 0.535987 0.417545 0.007847 0.007595
0 0.548753 0.418106 0.006133 0.006257
0 0.554780 0.429874 0.006633 0.005618
0 0.248468 0.308432 0.008510 0.003860
0 0.245400 0.306057 0.008713 0.003860
0 0.540015 0.429980 0.007917 0.005830
0 0.508672 0.427360 0.008703 0.007435
0 0.488738 0.427574 0.004637 0.004012
1 0.090375 0.930000 0.091750 0.124667
1 0.146125 0.573500 0.259250 0.172333
1 0.718000 0.202167 0.149500 0.121667
