0 0.486000 0.741500 0.067600 0.050700
0 0.556333 0.486500 0.083200 0.062400
0 0.185667 0.521375 0.056333 0.042250
0 0.504167 0.393875 0.059800 0.044850
0 0.085000 0.590875 0.030333 0.022750
0 0.125333 0.574625 0.038133 0.028600
0 0.191500 0.305375 0.044200 0.033150
0 0.505167 0.501500 0.051133 0.038350
0 0.220667 0.604375 0.055467 0.041600
0 0.351000 0.578625 0.066733 0.050050
0 0.296500 0.799750 0.073667 0.055250
0 0.292000 0.549625 0.073667 0.055250
1 0.781625 0.706333 0.123750 0.173333
1 0.744250 0.878667 0.208500 0.147333
